initial_pose:
  x: 0
  y: 0
  theta: 0
footprint:
  radius: 0.150000005960464
  points:
    []
kinematic:
  type: ""
sensors:
  lasers:
    - max_angle: 2.35619258880615
      min_angle: -2.35619258880615
      max_range: 4
      min_range: 0.5
      num_rays: 270
      noise:
        mean: 0
        std: 0
      frequency: 10
      frame_id: laser_0
      pose:
        x: 0
        y: 0
        theta: 0
  sonars:
    - max_range: 3
      min_range: 1
      cone_angle: 0.872663915157318
      noise:
        mean: 0
        std: 0
      frequency: 10
      frame_id: sonar_0
      pose:
        x: 0
        y: 0
        theta: 2.79252444444444
    - max_range: 3
      min_range: 1
      cone_angle: 0.872663915157318
      noise:
        mean: 0
        std: 0
      frequency: 10
      frame_id: sonar_1
      pose:
        x: 0
        y: 0
        theta: 3.49065555555556
  rfids:
    []