sonar:
  sonar_specifications:
    max_range: 0.5
    min_range: 0.100000001490116
    cone_angle: 0.174532771110535
    noise:
      noise_specifications:
        mean: 0
        std: 0
    frequency: 10
    frame_id: sonar_8
    pose:
      x: 0.00999999977648258
      y: 0.017000000923872
      theta: 1.570795
